1748699890151 3.94564 0
1748699905645 3.28783 1
1748699914376 3.20307 2
1748699924970 3.02357 3
1748699933490 2.55782 4
1748699941586 2.8068 5
1748699951927 2.7858 6
1748699959189 2.49182 7
1748699967767 2.52402 8
1748699976539 2.63023 9
1748699985363 2.66704 10
1748699992882 2.46376 11
1748700002811 2.44577 12
1748700010041 2.31497 13
1748700017464 2.17935 14
1748700025828 2.29519 15
1748700033623 2.23085 16
1748700041955 2.24378 17
1748700050701 2.03768 18
1748700059833 2.07618 19
1748700068434 2.02947 20
1748700077557 2.00855 21
1748700085991 2.01601 22
1748700095467 2.00801 23
1748700103898 1.81712 24
1748700112366 2.00393 25
1748700120715 2.05861 26
1748700129420 1.82911 27
1748700137469 1.7705 28
1748700147668 1.73754 29
1748700155139 1.74212 30
1748700164812 1.7048 31
1748700172845 1.76894 32
1748700180844 1.70289 33
1748700190653 1.66157 34
1748700198261 1.69777 35
1748700206691 1.62973 36
1748700216142 1.58658 37
1748700223195 1.6891 38
1748700231731 1.57786 39
1748700264893 1.39242 40
1748700275499 1.32842 41
1748700284225 1.3701 42
1748700292286 1.51949 43
1748700299839 1.33012 44
1748700309280 1.37221 45
1748700317449 1.27722 46
1748700325158 1.25005 47
1748700334660 1.15301 48
1748700342070 1.19191 49
