1748699890151 8.82415 0
1748699905645 2.9041 1
1748699914376 2.58825 2
1748699924970 2.48852 3
1748699933490 2.25393 4
1748699941586 2.37452 5
1748699951927 2.56267 6
1748699959189 2.16743 7
1748699967767 2.13953 8
1748699976539 2.06728 9
1748699985363 2.04286 10
1748699992882 2.00768 11
1748700002811 1.93524 12
1748700010041 1.85407 13
1748700017464 1.71288 14
1748700025828 1.76659 15
1748700033623 1.83193 16
1748700041955 1.82273 17
1748700050701 1.59085 18
1748700059833 1.57934 19
1748700068434 1.54309 20
1748700077557 1.53059 21
1748700085991 1.5323 22
1748700095467 1.51023 23
1748700103898 1.40381 24
1748700112366 1.48788 25
1748700120715 1.53668 26
1748700129420 1.3262 27
1748700137469 1.34493 28
1748700147668 1.26738 29
1748700155139 1.20888 30
1748700164812 1.21477 31
1748700172845 1.25856 32
1748700180844 1.21654 33
1748700190653 1.16151 34
1748700198261 1.38613 35
1748700206691 1.14414 36
1748700216142 1.15359 37
1748700223195 1.20074 38
1748700231731 1.0878 39
1748700264893 0.99949 40
1748700275499 0.95031 41
1748700284225 0.98213 42
1748700292286 1.08952 43
1748700299839 0.95234 44
1748700309280 0.95627 45
1748700317449 0.83187 46
1748700325158 0.84376 47
1748700334660 0.82192 48
1748700342070 0.82625 49
