1748699890151 3.20221 0
1748699905645 2.60461 1
1748699914376 2.54996 2
1748699924970 2.35632 3
1748699933490 2.11096 4
1748699941586 2.27508 5
1748699951927 2.32181 6
1748699959189 2.25188 7
1748699967767 2.19399 8
1748699976539 2.14912 9
1748699985363 2.12772 10
1748699992882 2.12861 11
1748700002811 2.1079 12
1748700010041 2.01205 13
1748700017464 1.97222 14
1748700025828 1.94611 15
1748700033623 1.93034 16
1748700041955 1.9069 17
1748700050701 1.79527 18
1748700059833 1.82655 19
1748700068434 1.7772 20
1748700077557 1.75371 21
1748700085991 1.77032 22
1748700095467 1.77357 23
1748700103898 1.63335 24
1748700112366 1.75413 25
1748700120715 1.79932 26
1748700129420 1.69356 27
1748700137469 1.62519 28
1748700147668 1.57191 29
1748700155139 1.58002 30
1748700164812 1.54796 31
1748700172845 1.61907 32
1748700180844 1.60978 33
1748700190653 1.57698 34
1748700198261 1.44956 35
1748700206691 1.51375 36
1748700216142 1.57748 37
1748700223195 1.59812 38
1748700231731 1.50615 39
1748700264893 1.43596 40
1748700275499 1.45633 41
1748700284225 1.5187 42
1748700292286 1.51199 43
1748700299839 1.47581 44
1748700309280 1.34172 45
1748700317449 1.37567 46
1748700325158 1.4167 47
1748700334660 1.37558 48
1748700342070 1.37562 49
