1748699890151 0.59712 0
1748699905645 0.51344 1
1748699914376 0.43515 2
1748699924970 0.42174 3
1748699933490 0.41304 4
1748699941586 0.33491 5
1748699951927 0.36154 6
1748699959189 0.42715 7
1748699967767 0.39587 8
1748699976539 0.37145 9
1748699985363 0.44896 10
1748699992882 0.37138 11
1748700002811 0.3845 12
1748700010041 0.37425 13
1748700017464 0.35488 14
1748700025828 0.346 15
1748700033623 0.36333 16
1748700041955 0.35106 17
1748700050701 0.32953 18
1748700059833 0.3455 19
1748700068434 0.36525 20
1748700077557 0.32114 21
1748700085991 0.30608 22
1748700095467 0.34183 23
1748700103898 0.31386 24
1748700112366 0.33101 25
1748700120715 0.37234 26
1748700129420 0.32848 27
1748700137469 0.34136 28
1748700147668 0.31146 29
1748700155139 0.31964 30
1748700164812 0.33391 31
1748700172845 0.3541 32
1748700180844 0.36063 33
1748700190653 0.29054 34
1748700198261 0.2972 35
1748700206691 0.25879 36
1748700216142 0.27812 37
1748700223195 0.35043 38
1748700231731 0.27065 39
1748700264893 0.08159 40
1748700275499 0.0698 41
1748700284225 0.05568 42
1748700292286 0.0553 43
1748700299839 0.04825 44
1748700309280 0.05205 45
1748700317449 0.03065 46
1748700325158 0.03152 47
1748700334660 0.03267 48
1748700342070 0.03814 49
