1748699890151 5.16274 0
1748699905645 4.41543 1
1748699914376 3.38447 2
1748699924970 3.40604 3
1748699933490 3.09996 4
1748699941586 3.35717 5
1748699951927 3.18987 6
1748699959189 2.62504 7
1748699967767 2.83872 8
1748699976539 2.66292 9
1748699985363 2.7134 10
1748699992882 2.2747 11
1748700002811 2.1989 12
1748700010041 1.89055 13
1748700017464 1.43214 14
1748700025828 1.5637 15
1748700033623 1.44171 16
1748700041955 1.39836 17
1748700050701 1.31181 18
1748700059833 1.14347 19
1748700068434 1.06193 20
1748700077557 1.21903 21
1748700085991 1.28546 22
1748700095467 1.03175 23
1748700103898 0.79051 24
1748700112366 1.02063 25
1748700120715 0.99241 26
1748700129420 0.76602 27
1748700137469 0.84064 28
1748700147668 0.57543 29
1748700155139 0.71614 30
1748700164812 0.63543 31
1748700172845 0.59094 32
1748700180844 0.63473 33
1748700190653 0.56792 34
1748700198261 1.04334 35
1748700206691 0.53209 36
1748700216142 0.53381 37
1748700223195 0.58059 38
1748700231731 0.42568 39
1748700264893 0.287 40
1748700275499 0.28872 41
1748700284225 0.32687 42
1748700292286 0.54481 43
1748700299839 0.32553 44
1748700309280 0.79053 45
1748700317449 0.2776 46
1748700325158 0.21708 47
1748700334660 0.20874 48
1748700342070 0.25879 49
