1748699893511 0.00243 0
1748699907641 0.00679 1
1748699916676 0.00972 2
1748699926561 0.00057 3
1748699935167 0.00105 4
1748699943960 0.00183 5
1748699953660 0.00596 6
1748699961446 0.01403 7
1748699969840 0.02862 8
1748699978510 0.00085 9
1748699986979 0.00023 10
1748699994996 0.00313 11
1748700004434 0.02118 12
1748700012310 0.03525 13
1748700019702 0.05672 14
1748700027935 0.08435 15
1748700035795 0.10609 16
1748700043735 0.06371 17
1748700052619 0.11955 18
1748700061629 0.11338 19
1748700070342 0.10916 20
1748700079188 0.10761 21
1748700087912 0.13878 22
1748700097298 0.13731 23
1748700105482 0.14954 24
1748700114119 0.10807 25
1748700122533 0.11862 26
1748700131184 0.19737 27
1748700139509 0.1864 28
1748700149197 0.17974 29
1748700157578 0.22301 30
1748700166862 0.23909 31
1748700174862 0.21782 32
1748700183264 0.21623 33
1748700192153 0.22638 34
1748700200307 0.19981 35
1748700208536 0.1884 36
1748700217709 0.23399 37
1748700225413 0.25298 38
1748700233673 0.24089 39
1748700266719 0.24005 40
1748700277339 0.26221 41
1748700286050 0.25585 42
1748700294339 0.23195 43
1748700301780 0.22833 44
1748700311027 0.2368 45
1748700319597 0.25825 46
1748700327391 0.29491 47
1748700336293 0.30822 48
1748700344382 0.32145 49
1748700351406 0.3223536683138849 49
