1748699893511 0.00621 0
1748699907641 0.01546 1
1748699916676 0.03637 2
1748699926561 0.00131 3
1748699935167 0.00281 4
1748699943960 0.00286 5
1748699953660 0.01042 6
1748699961446 0.10734 7
1748699969840 0.07275 8
1748699978510 0.00247 9
1748699986979 0.00156 10
1748699994996 0.00491 11
1748700004434 0.05804 12
1748700012310 0.19939 13
1748700019702 0.19164 14
1748700027935 0.27845 15
1748700035795 0.28179 16
1748700043735 0.30372 17
1748700052619 0.42579 18
1748700061629 0.45919 19
1748700070342 0.41569 20
1748700079188 0.44592 21
1748700087912 0.33848 22
1748700097298 0.47466 23
1748700105482 0.49393 24
1748700114119 0.45825 25
1748700122533 0.48912 26
1748700131184 0.57566 27
1748700139509 0.58511 28
1748700149197 0.58305 29
1748700157578 0.64818 30
1748700166862 0.71015 31
1748700174862 0.71161 32
1748700183264 0.66952 33
1748700192153 0.69922 34
1748700200307 0.63512 35
1748700208536 0.66601 36
1748700217709 0.70288 37
1748700225413 0.77541 38
1748700233673 0.77006 39
1748700266719 0.74735 40
1748700277339 0.64838 41
1748700286050 0.66714 42
1748700294339 0.65933 43
1748700301780 0.67692 44
1748700311027 0.71598 45
1748700319597 0.72656 46
1748700327391 0.75609 47
1748700336293 0.77907 48
1748700344382 0.78485 49
1748700351406 0.7866539535469839 49
