1748699893511 0.01294 0
1748699907641 0.02753 1
1748699916676 0.04518 2
1748699926561 0.00176 3
1748699935167 0.00418 4
1748699943960 0.00514 5
1748699953660 0.01353 6
1748699961446 0.04523 7
1748699969840 0.09934 8
1748699978510 0.00377 9
1748699986979 0.00083 10
1748699994996 0.00818 11
1748700004434 0.08548 12
1748700012310 0.15896 13
1748700019702 0.165 14
1748700027935 0.28417 15
1748700035795 0.30198 16
1748700043735 0.24929 17
1748700052619 0.34987 18
1748700061629 0.4051 19
1748700070342 0.30386 20
1748700079188 0.38053 21
1748700087912 0.34929 22
1748700097298 0.34764 23
1748700105482 0.40679 24
1748700114119 0.40156 25
1748700122533 0.36771 26
1748700131184 0.50441 27
1748700139509 0.51711 28
1748700149197 0.52027 29
1748700157578 0.52121 30
1748700166862 0.57577 31
1748700174862 0.53873 32
1748700183264 0.54344 33
1748700192153 0.54827 34
1748700200307 0.53938 35
1748700208536 0.49457 36
1748700217709 0.60164 37
1748700225413 0.63151 38
1748700233673 0.61711 39
1748700266719 0.58526 40
1748700277339 0.60703 41
1748700286050 0.59144 42
1748700294339 0.55313 43
1748700301780 0.52241 44
1748700311027 0.58158 45
1748700319597 0.58936 46
1748700327391 0.65891 47
1748700336293 0.66593 48
1748700344382 0.68169 49
1748700351406 0.6816461537656547 49
