1748699893511 0.04508 0
1748699907641 0.10065 1
1748699916676 0.14311 2
1748699926561 0.0027 3
1748699935167 0.0092 4
1748699943960 0.00614 5
1748699953660 0.01489 6
1748699961446 0.17509 7
1748699969840 0.1352 8
1748699978510 0.0048 9
1748699986979 0.00316 10
1748699994996 0.01123 11
1748700004434 0.09844 12
1748700012310 0.27215 13
1748700019702 0.31556 14
1748700027935 0.39145 15
1748700035795 0.40098 16
1748700043735 0.40376 17
1748700052619 0.59604 18
1748700061629 0.61477 19
1748700070342 0.54978 20
1748700079188 0.59974 21
1748700087912 0.4784 22
1748700097298 0.63376 23
1748700105482 0.67019 24
1748700114119 0.56428 25
1748700122533 0.60867 26
1748700131184 0.7219 27
1748700139509 0.7205 28
1748700149197 0.70297 29
1748700157578 0.78824 30
1748700166862 0.815 31
1748700174862 0.87356 32
1748700183264 0.80481 33
1748700192153 0.83146 34
1748700200307 0.7444 35
1748700208536 0.80173 36
1748700217709 0.81985 37
1748700225413 0.88473 38
1748700233673 0.89016 39
1748700266719 0.85453 40
1748700277339 0.77143 41
1748700286050 0.79267 42
1748700294339 0.80012 43
1748700301780 0.80297 44
1748700311027 0.86315 45
1748700319597 0.88707 46
1748700327391 0.86908 47
1748700336293 0.88295 48
1748700344382 0.89563 49
1748700351406 0.8956259830828086 49
