1748699893511 0.02029 0
1748699907641 0.07233 1
1748699916676 0.06856 2
1748699926561 0.00213 3
1748699935167 0.00773 4
1748699943960 0.00685 5
1748699953660 0.02699 6
1748699961446 0.0748 7
1748699969840 0.21342 8
1748699978510 0.0071 9
1748699986979 0.00169 10
1748699994996 0.02515 11
1748700004434 0.27609 12
1748700012310 0.22511 13
1748700019702 0.26013 14
1748700027935 0.37095 15
1748700035795 0.5482 16
1748700043735 0.36778 17
1748700052619 0.52514 18
1748700061629 0.53992 19
1748700070342 0.36098 20
1748700079188 0.47211 21
1748700087912 0.50443 22
1748700097298 0.41026 23
1748700105482 0.60586 24
1748700114119 0.56653 25
1748700122533 0.50963 26
1748700131184 0.77527 27
1748700139509 0.62534 28
1748700149197 0.54932 29
1748700157578 0.60844 30
1748700166862 0.71317 31
1748700174862 0.5286 32
1748700183264 0.76894 33
1748700192153 0.79216 34
1748700200307 0.57466 35
1748700208536 0.8366 36
1748700217709 0.6919 37
1748700225413 0.60717 38
1748700233673 0.55587 39
1748700266719 0.60844 40
1748700277339 0.69883 41
1748700286050 0.48094 42
1748700294339 0.59059 43
1748700301780 0.43892 44
1748700311027 0.54832 45
1748700319597 0.6001 46
1748700327391 0.66297 47
1748700336293 0.71274 48
1748700344382 0.72085 49
1748700351406 0.7180897533368462 49
