1748699893511 0.13057 0
1748699907641 0.19757 1
1748699916676 0.18365 2
1748699926561 0.00355 3
1748699935167 0.00763 4
1748699943960 0.00806 5
1748699953660 0.02582 6
1748699961446 0.24362 7
1748699969840 0.29365 8
1748699978510 0.0073 9
1748699986979 0.00405 10
1748699994996 0.02426 11
1748700004434 0.24894 12
1748700012310 0.32915 13
1748700019702 0.42293 14
1748700027935 0.38728 15
1748700035795 0.36203 16
1748700043735 0.50681 17
1748700052619 0.59326 18
1748700061629 0.63005 19
1748700070342 0.52369 20
1748700079188 0.58303 21
1748700087912 0.51241 22
1748700097298 0.65126 23
1748700105482 0.66216 24
1748700114119 0.54903 25
1748700122533 0.62405 26
1748700131184 0.78035 27
1748700139509 0.63311 28
1748700149197 0.69103 29
1748700157578 0.74572 30
1748700166862 0.72233 31
1748700174862 0.76522 32
1748700183264 0.71828 33
1748700192153 0.75564 34
1748700200307 0.71318 35
1748700208536 0.71589 36
1748700217709 0.75678 37
1748700225413 0.78252 38
1748700233673 0.80895 39
1748700266719 0.79406 40
1748700277339 0.60392 41
1748700286050 0.64164 42
1748700294339 0.68269 43
1748700301780 0.61744 44
1748700311027 0.72354 45
1748700319597 0.80731 46
1748700327391 0.73261 47
1748700336293 0.77574 48
1748700344382 0.80584 49
1748700351406 0.8058433927999146 49
