1748699893511 0.1875 0
1748699907641 0.0625 1
1748699916676 0.22917 2
1748699926561 0.54167 3
1748699935167 0.04167 4
1748699943960 0.35417 5
1748699953660 0.10417 6
1748699961446 0.14583 7
1748699969840 0.14583 8
1748699978510 0.08333 9
1748699986979 0.0625 10
1748699994996 0.1875 11
1748700004434 0.125 12
1748700012310 0.25 13
1748700019702 0.25 14
1748700027935 0.375 15
1748700035795 0.27825 16
1748700043735 0.22917 17
1748700052619 0.29167 18
1748700061629 0.33333 19
1748700070342 0.3125 20
1748700079188 0.3125 21
1748700087912 0.39583 22
1748700097298 0.41667 23
1748700105482 0.3125 24
1748700114119 0.47917 25
1748700122533 0.375 26
1748700131184 0.35417 27
1748700139509 0.4375 28
1748700149197 0.4375 29
1748700157578 0.5 30
1748700166862 0.4375 31
1748700174862 0.5 32
1748700183264 0.41667 33
1748700192153 0.39707 34
1748700200307 0.4375 35
1748700208536 0.35417 36
1748700217709 0.46801 37
1748700225413 0.64405 38
1748700233673 0.65193 39
1748700266719 0.51803 40
1748700277339 0.47917 41
1748700286050 0.64583 42
1748700294339 0.47917 43
1748700301780 0.5542 44
1748700311027 0.55648 45
1748700319597 0.54167 46
1748700327391 0.61482 47
1748700336293 0.5687 48
1748700344382 0.64557 49
1748700351406 0.6458333333333334 49
