1748699893511 0.20833 0
1748699907641 0.09765 1
1748699916676 0.20833 2
1748699926561 0.33333 3
1748699935167 0.41667 4
1748699943960 0.41667 5
1748699953660 0.0625 6
1748699961446 0.33333 7
1748699969840 0.16667 8
1748699978510 0.25 9
1748699986979 0.4375 10
1748699994996 0.16667 11
1748700004434 0.10417 12
1748700012310 0.36807 13
1748700019702 0.39583 14
1748700027935 0.48729 15
1748700035795 0.5 16
1748700043735 0.32129 17
1748700052619 0.52083 18
1748700061629 0.58333 19
1748700070342 0.59564 20
1748700079188 0.5625 21
1748700087912 0.5 22
1748700097298 0.64583 23
1748700105482 0.625 24
1748700114119 0.60417 25
1748700122533 0.47917 26
1748700131184 0.60417 27
1748700139509 0.64583 28
1748700149197 0.60417 29
1748700157578 0.75 30
1748700166862 0.72917 31
1748700174862 0.79167 32
1748700183264 0.69059 33
1748700192153 0.75 34
1748700200307 0.66667 35
1748700208536 0.68252 36
1748700217709 0.79167 37
1748700225413 0.82466 38
1748700233673 0.83333 39
1748700266719 0.80339 40
1748700277339 0.76245 41
1748700286050 0.79167 42
1748700294339 0.76209 43
1748700301780 0.7734 44
1748700311027 0.77083 45
1748700319597 0.78564 46
1748700327391 0.74214 47
1748700336293 0.75 48
1748700344382 0.77832 49
1748700351406 0.7783180908180909 49
