1748706883239 0.07413 0
1748706898324 0.047263688250000005 1
1748706913296 0.02039603999999999 2
1748706928286 0.000492575 3
1748706943568 0.0004901 4
1748706959035 0.000487625 5
1748706974483 0.00048515 6
1748706990569 0.00048267499999999996 7
1748707005848 0.00048019999999999996 8
1748707023106 0.00047772499999999997 9
1748707038236 0.00047525000000000003 10
1748707052136 0.000472775 11
1748707068642 0.0004703 12
1748707083964 0.00046782500000000006 13
1748707101414 0.00046535 14
1748707117290 0.00046287500000000007 15
1748707132503 0.0004604 16
1748707147265 0.00045792500000000003 17
1748707161912 0.00045545000000000004 18
1748707176701 0.00045297500000000005 19
1748707191347 0.0004505 20
1748707205851 0.000448025 21
1748707224896 0.00044555 22
1748707240619 0.000443075 23
1748707255183 0.0004406 24
1748707271151 0.000438125 25
1748707284498 0.00043565 26
1748707301114 0.000433175 27
1748707319605 0.0004307 28
1748707336430 0.00042822499999999996 29
1748707351029 0.00042575 30
1748707366663 0.00042327500000000003 31
1748707382231 0.00042080000000000004 32
1748707398566 0.000418325 33
1748707414653 0.00041585 34
1748707431677 0.000413375 35
