1748709163335 0.07413 0
1748709178791 0.047263688250000005 1
1748709193400 0.02039603999999999 2
1748709207764 0.000492575 3
1748709221803 0.0004901 4
1748709237516 0.000487625 5
1748709252955 0.00048515 6
1748709270504 0.00048267499999999996 7
1748709285697 0.00048019999999999996 8
1748709304250 0.00047772499999999997 9
1748709319390 0.00047525000000000003 10
1748709333864 0.000472775 11
1748709349963 0.0004703 12
1748709364531 0.00046782500000000006 13
1748709380365 0.00046535 14
1748709396914 0.00046287500000000007 15
1748709412585 0.0004604 16
1748709428348 0.00045792500000000003 17
1748709444358 0.00045545000000000004 18
1748709459409 0.00045297500000000005 19
1748709475302 0.0004505 20
1748709489021 0.000448025 21
1748709505901 0.00044555 22
1748709519649 0.000443075 23
1748709534160 0.0004406 24
1748709549107 0.000438125 25
1748709563318 0.00043565 26
1748709579032 0.000433175 27
1748709594002 0.0004307 28
1748709609067 0.00042822499999999996 29
1748709625551 0.00042575 30
1748709644083 0.00042327500000000003 31
