1748712274560 0.02465 0
1748712290205 0.08013 1
1748712305898 0.11406 2
1748712324257 0.14433 3
1748712341592 0.14861 4
1748712356554 0.14912 5
1748712371974 0.15434 6
1748712388697 0.15786 7
1748712403780 0.15522 8
1748712421050 0.155 9
1748712436374 0.15015 10
1748712450050 0.15084 11
1748712466888 0.16315 12
1748712481233 0.16511 13
1748712499421 0.16536 14
1748712521241 0.16714 15
1748712538503 0.17195 16
1748712553610 0.17557 17
1748712568981 0.17124 18
1748712583936 0.16929 19
1748712602196 0.16906 20
1748712619081 0.17249 21
1748712638463 0.17426 22
1748712655002 0.17284 23
1748712671766 0.16531 24
1748712689035 0.16948 25
1748712704980 0.17285 26
1748712722385 0.17097 27
1748712740158 0.1745 28
1748712757198 0.17108 29
1748712773935 0.17845 30
1748712790743 0.18275 31
1748712808226 0.18752 32
1748712824280 0.19011 33
