1748712274560 0.26809 0
1748712290205 0.6383 1
1748712305898 0.64648 2
1748712324257 0.70552 3
1748712341592 0.72825 4
1748712356554 0.74463 5
1748712371974 0.75484 6
1748712388697 0.7796 7
1748712403780 0.7769 8
1748712421050 0.77765 9
1748712436374 0.76912 10
1748712450050 0.78966 11
1748712466888 0.79426 12
1748712481233 0.79548 13
1748712499421 0.80101 14
1748712521241 0.80806 15
1748712538503 0.79453 16
1748712553610 0.79315 17
1748712568981 0.78699 18
1748712583936 0.80074 19
1748712602196 0.79624 20
1748712619081 0.80906 21
1748712638463 0.80582 22
1748712655002 0.80783 23
1748712671766 0.80543 24
1748712689035 0.81172 25
1748712704980 0.81316 26
1748712722385 0.81273 27
1748712740158 0.81858 28
1748712757198 0.81911 29
1748712773935 0.81665 30
1748712790743 0.81267 31
1748712808226 0.82354 32
1748712824280 0.84966 33
