1748712274560 0.16873 0
1748712290205 0.5161 1
1748712305898 0.55644 2
1748712324257 0.6135 3
1748712341592 0.62084 4
1748712356554 0.63408 5
1748712371974 0.64347 6
1748712388697 0.64911 7
1748712403780 0.64569 8
1748712421050 0.64446 9
1748712436374 0.64085 10
1748712450050 0.65096 11
1748712466888 0.64837 12
1748712481233 0.65256 13
1748712499421 0.66296 14
1748712521241 0.67016 15
1748712538503 0.67882 16
1748712553610 0.67613 17
1748712568981 0.67005 18
1748712583936 0.68687 19
1748712602196 0.6897 20
1748712619081 0.69495 21
1748712638463 0.69503 22
1748712655002 0.69428 23
1748712671766 0.69474 24
1748712689035 0.69761 25
1748712704980 0.6952 26
1748712722385 0.70061 27
1748712740158 0.70139 28
1748712757198 0.70366 29
1748712773935 0.70335 30
1748712790743 0.70182 31
1748712808226 0.70984 32
1748712824280 0.71229 33
