1748712274560 0.11504 0
1748712290205 0.27307 1
1748712305898 0.31796 2
1748712324257 0.38599 3
1748712341592 0.38474 4
1748712356554 0.3838 5
1748712371974 0.38847 6
1748712388697 0.39122 7
1748712403780 0.38304 8
1748712421050 0.4022 9
1748712436374 0.39338 10
1748712450050 0.40241 11
1748712466888 0.42854 12
1748712481233 0.43051 13
1748712499421 0.4284 14
1748712521241 0.43672 15
1748712538503 0.44338 16
1748712553610 0.4659 17
1748712568981 0.4618 18
1748712583936 0.45942 19
1748712602196 0.4817 20
1748712619081 0.47281 21
1748712638463 0.47315 22
1748712655002 0.44084 23
1748712671766 0.41762 24
1748712689035 0.44839 25
1748712704980 0.44898 26
1748712722385 0.41229 27
1748712740158 0.4413 28
1748712757198 0.44496 29
1748712773935 0.43667 30
1748712790743 0.44274 31
1748712808226 0.44275 32
1748712824280 0.44254 33
