1748712274560 0.29568 0
1748712290205 0.66621 1
1748712305898 0.60073 2
1748712324257 0.77134 3
1748712341592 0.67328 4
1748712356554 0.72021 5
1748712371974 0.81772 6
1748712388697 0.82225 7
1748712403780 0.83533 8
1748712421050 0.82109 9
1748712436374 0.86332 10
1748712450050 0.84015 11
1748712466888 0.84128 12
1748712481233 0.77558 13
1748712499421 0.75083 14
1748712521241 0.76331 15
1748712538503 0.73241 16
1748712553610 0.69507 17
1748712568981 0.68881 18
1748712583936 0.68907 19
1748712602196 0.66774 20
1748712619081 0.68214 21
1748712638463 0.70631 22
1748712655002 0.70978 23
1748712671766 0.71857 24
1748712689035 0.75543 25
1748712704980 0.73457 26
1748712722385 0.80634 27
1748712740158 0.74251 28
1748712757198 0.73548 29
1748712773935 0.81164 30
1748712790743 0.77444 31
1748712808226 0.77044 32
1748712824280 0.78713 33
