1748712274560 0.19351 0
1748712290205 0.35559 1
1748712305898 0.41173 2
1748712324257 0.52479 3
1748712341592 0.57764 4
1748712356554 0.56585 5
1748712371974 0.58018 6
1748712388697 0.61251 7
1748712403780 0.53841 8
1748712421050 0.53992 9
1748712436374 0.57981 10
1748712450050 0.59789 11
1748712466888 0.59384 12
1748712481233 0.59297 13
1748712499421 0.62015 14
1748712521241 0.52646 15
1748712538503 0.5796 16
1748712553610 0.56308 17
1748712568981 0.54323 18
1748712583936 0.52662 19
1748712602196 0.52204 20
1748712619081 0.48231 21
1748712638463 0.49379 22
1748712655002 0.48131 23
1748712671766 0.53772 24
1748712689035 0.49025 25
1748712704980 0.49051 26
1748712722385 0.53109 27
1748712740158 0.55261 28
1748712757198 0.55417 29
1748712773935 0.55155 30
1748712790743 0.54239 31
1748712808226 0.56366 32
1748712824280 0.56428 33
