1748712274560 0.20833 0
1748712290205 0.3125 1
1748712305898 0.39583 2
1748712324257 0.34527 3
1748712341592 0.37052 4
1748712356554 0.35417 5
1748712371974 0.33333 6
1748712388697 0.375 7
1748712403780 0.39583 8
1748712421050 0.39583 9
1748712436374 0.37375 10
1748712450050 0.375 11
1748712466888 0.4375 12
1748712481233 0.39459 13
1748712499421 0.37417 14
1748712521241 0.4375 15
1748712538503 0.41667 16
1748712553610 0.45648 17
1748712568981 0.45833 18
1748712583936 0.44041 19
1748712602196 0.47917 20
1748712619081 0.46593 21
1748712638463 0.47917 22
1748712655002 0.45833 23
1748712671766 0.4375 24
1748712689035 0.45833 25
1748712704980 0.45833 26
1748712722385 0.4375 27
1748712740158 0.45833 28
1748712757198 0.45833 29
1748712773935 0.45833 30
1748712790743 0.45833 31
1748712808226 0.47917 32
1748712824280 0.47917 33
