1748712274560 0.375 0
1748712290205 0.49899 1
1748712305898 0.62695 2
1748712324257 0.60417 3
1748712341592 0.625 4
1748712356554 0.64358 5
1748712371974 0.65435 6
1748712388697 0.67472 7
1748712403780 0.64583 8
1748712421050 0.64583 9
1748712436374 0.64583 10
1748712450050 0.65714 11
1748712466888 0.66265 12
1748712481233 0.6875 13
1748712499421 0.6875 14
1748712521241 0.70833 15
1748712538503 0.6875 16
1748712553610 0.70833 17
1748712568981 0.69179 18
1748712583936 0.69262 19
1748712602196 0.71181 20
1748712619081 0.70833 21
1748712638463 0.75156 22
1748712655002 0.76437 23
1748712671766 0.6875 24
1748712689035 0.70786 25
1748712704980 0.70833 26
1748712722385 0.69408 27
1748712740158 0.77083 28
1748712757198 0.77083 29
1748712773935 0.71831 30
1748712790743 0.71538 31
1748712808226 0.76915 32
1748712824280 0.77083 33
