1748709914488 0.01691 0
1748709930251 0.08233 1
1748709945308 0.16121 2
1748709963563 0.17081 3
1748709978910 0.16102 4
1748709994235 0.1551 5
1748710008223 0.17008 6
1748710027205 0.16832 7
1748710043594 0.17725 8
1748710064412 0.19682 9
1748710079316 0.20211 10
1748710093531 0.19969 11
1748710110681 0.20787 12
1748710125270 0.18918 13
1748710142038 0.1881 14
1748710158875 0.20011 15
1748710177194 0.21165 16
1748710193693 0.20883 17
1748710212489 0.20665 18
1748710229616 0.21715 19
1748710247834 0.2155 20
1748710266405 0.20491 21
1748710283246 0.2037 22
1748710298335 0.21421 23
1748710315132 0.23471 24
1748710330524 0.23206 25
1748710344957 0.22119 26
1748710360949 0.22239 27
1748710377609 0.22253 28
1748710392957 0.22852 29
1748710408648 0.24117 30
1748710425614 0.24051 31
1748710442762 0.23925 32
1748710460709 0.24264 33
1748710477331 0.23474 34
1748710492192 0.22594 35
1748710507264 0.23859 36
1748710522024 0.24917 37
1748710537262 0.26784 38
1748710553610 0.2601 39
1748710568435 0.27883 40
1748710583061 0.26172 41
1748710597753 0.25084 42
1748710613195 0.24626 43
1748710630858 0.24663 44
1748710646721 0.24307 45
1748710661696 0.26112 46
1748710676018 0.27193 47
1748710693818 0.24512 48
1748710711767 0.25534 49
1748710728287 0.25576 50
1748710743098 0.25762 51
1748710758892 0.26083 52
1748710776160 0.25454 53
1748710790220 0.27532 54
1748710804528 0.27279 55
1748710822499 0.26898 56
1748710841494 0.26805 57
1748710859354 0.27634 58
1748710876407 0.28096 59
1748710891869 0.28557 60
