1748709914488 0.24573 0
1748709930251 0.62845 1
1748709945308 0.70665 2
1748709963563 0.75871 3
1748709978910 0.75871 4
1748709994235 0.80701 5
1748710008223 0.85662 6
1748710027205 0.80328 7
1748710043594 0.77189 8
1748710064412 0.77402 9
1748710079316 0.82785 10
1748710093531 0.84927 11
1748710110681 0.84428 12
1748710125270 0.8287 13
1748710142038 0.88149 14
1748710158875 0.89541 15
1748710177194 0.93653 16
1748710193693 0.91936 17
1748710212489 0.9302 18
1748710229616 0.90769 19
1748710247834 0.9204 20
1748710266405 0.91013 21
1748710283246 0.86446 22
1748710298335 0.86324 23
1748710315132 0.8804 24
1748710330524 0.89662 25
1748710344957 0.90951 26
1748710360949 0.91125 27
1748710377609 0.9477 28
1748710392957 0.93985 29
1748710408648 0.93944 30
1748710425614 0.93867 31
1748710442762 0.92958 32
1748710460709 0.92114 33
1748710477331 0.91337 34
1748710492192 0.93059 35
1748710507264 0.92154 36
1748710522024 0.93575 37
1748710537262 0.9187 38
1748710553610 0.9271 39
1748710568435 0.9214 40
1748710583061 0.94732 41
1748710597753 0.92303 42
1748710613195 0.91832 43
1748710630858 0.93251 44
1748710646721 0.9461 45
1748710661696 0.93801 46
1748710676018 0.9268 47
1748710693818 0.92137 48
1748710711767 0.93927 49
1748710728287 0.93504 50
1748710743098 0.94259 51
1748710758892 0.93194 52
1748710776160 0.92526 53
1748710790220 0.92771 54
1748710804528 0.9285 55
1748710822499 0.93745 56
1748710841494 0.92604 57
1748710859354 0.92339 58
1748710876407 0.91993 59
1748710891869 0.92254 60
