1748709914488 0.08836 0
1748709930251 0.24932 1
1748709945308 0.40347 2
1748709963563 0.49187 3
1748709978910 0.4176 4
1748709994235 0.41394 5
1748710008223 0.49299 6
1748710027205 0.45321 7
1748710043594 0.47115 8
1748710064412 0.50659 9
1748710079316 0.53054 10
1748710093531 0.5381 11
1748710110681 0.56257 12
1748710125270 0.56926 13
1748710142038 0.57407 14
1748710158875 0.56837 15
1748710177194 0.574 16
1748710193693 0.54509 17
1748710212489 0.54833 18
1748710229616 0.58619 19
1748710247834 0.60244 20
1748710266405 0.57422 21
1748710283246 0.5696 22
1748710298335 0.57436 23
1748710315132 0.58966 24
1748710330524 0.57267 25
1748710344957 0.57513 26
1748710360949 0.57022 27
1748710377609 0.58656 28
1748710392957 0.61069 29
1748710408648 0.6176 30
1748710425614 0.62532 31
1748710442762 0.6238 32
1748710460709 0.59901 33
1748710477331 0.60076 34
1748710492192 0.60776 35
1748710507264 0.62017 36
1748710522024 0.60545 37
1748710537262 0.60595 38
1748710553610 0.60398 39
1748710568435 0.60735 40
1748710583061 0.60534 41
1748710597753 0.60211 42
1748710613195 0.59202 43
1748710630858 0.58674 44
1748710646721 0.59217 45
1748710661696 0.6416 46
1748710676018 0.63179 47
1748710693818 0.62704 48
1748710711767 0.63696 49
1748710728287 0.6296 50
1748710743098 0.64289 51
1748710758892 0.63781 52
1748710776160 0.63681 53
1748710790220 0.69022 54
1748710804528 0.68798 55
1748710822499 0.67105 56
1748710841494 0.67031 57
1748710859354 0.67344 58
1748710876407 0.6718 59
1748710891869 0.65862 60
