1748709914488 0.14865 0
1748709930251 0.52676 1
1748709945308 0.60581 2
1748709963563 0.61983 3
1748709978910 0.63566 4
1748709994235 0.6897 5
1748710008223 0.71381 6
1748710027205 0.68229 7
1748710043594 0.6554 8
1748710064412 0.66427 9
1748710079316 0.68177 10
1748710093531 0.72443 11
1748710110681 0.72948 12
1748710125270 0.72783 13
1748710142038 0.75828 14
1748710158875 0.76936 15
1748710177194 0.79307 16
1748710193693 0.79943 17
1748710212489 0.82612 18
1748710229616 0.82715 19
1748710247834 0.82823 20
1748710266405 0.82045 21
1748710283246 0.79055 22
1748710298335 0.79496 23
1748710315132 0.79785 24
1748710330524 0.81269 25
1748710344957 0.82138 26
1748710360949 0.82374 27
1748710377609 0.85148 28
1748710392957 0.85031 29
1748710408648 0.84797 30
1748710425614 0.83645 31
1748710442762 0.81841 32
1748710460709 0.80937 33
1748710477331 0.82375 34
1748710492192 0.83885 35
1748710507264 0.80783 36
1748710522024 0.80186 37
1748710537262 0.81157 38
1748710553610 0.83237 39
1748710568435 0.86081 40
1748710583061 0.8653 41
1748710597753 0.84895 42
1748710613195 0.8446 43
1748710630858 0.86275 44
1748710646721 0.87871 45
1748710661696 0.88982 46
1748710676018 0.87238 47
1748710693818 0.86562 48
1748710711767 0.88832 49
1748710728287 0.87976 50
1748710743098 0.87846 51
1748710758892 0.87483 52
1748710776160 0.86279 53
1748710790220 0.88993 54
1748710804528 0.88933 55
1748710822499 0.88733 56
1748710841494 0.88259 57
1748710859354 0.87929 58
1748710876407 0.87278 59
1748710891869 0.87583 60
