1748709914488 0.30122 0
1748709930251 0.64297 1
1748709945308 0.60954 2
1748709963563 0.74913 3
1748709978910 0.66828 4
1748709994235 0.70343 5
1748710008223 0.77046 6
1748710027205 0.75986 7
1748710043594 0.69583 8
1748710064412 0.71512 9
1748710079316 0.75451 10
1748710093531 0.74938 11
1748710110681 0.76422 12
1748710125270 0.68892 13
1748710142038 0.80515 14
1748710158875 0.79962 15
1748710177194 0.77843 16
1748710193693 0.78469 17
1748710212489 0.84722 18
1748710229616 0.74794 19
1748710247834 0.79151 20
1748710266405 0.81781 21
1748710283246 0.82949 22
1748710298335 0.75815 23
1748710315132 0.74844 24
1748710330524 0.81409 25
1748710344957 0.82685 26
1748710360949 0.76172 27
1748710377609 0.8548 28
1748710392957 0.89628 29
1748710408648 0.91592 30
1748710425614 0.91452 31
1748710442762 0.85595 32
1748710460709 0.80037 33
1748710477331 0.7845 34
1748710492192 0.92903 35
1748710507264 0.83374 36
1748710522024 0.84204 37
1748710537262 0.8363 38
1748710553610 0.83371 39
1748710568435 0.7783 40
1748710583061 0.87885 41
1748710597753 0.86747 42
1748710613195 0.8202 43
1748710630858 0.85525 44
1748710646721 0.8209 45
1748710661696 0.83425 46
1748710676018 0.84842 47
1748710693818 0.80094 48
1748710711767 0.87343 49
1748710728287 0.81793 50
1748710743098 0.81321 51
1748710758892 0.78683 52
1748710776160 0.77896 53
1748710790220 0.77368 54
1748710804528 0.80207 55
1748710822499 0.90607 56
1748710841494 0.79407 57
1748710859354 0.79297 58
1748710876407 0.86728 59
1748710891869 0.88699 60
