1748709914488 0.34829 0
1748709930251 0.38295 1
1748709945308 0.47449 2
1748709963563 0.59743 3
1748709978910 0.60122 4
1748709994235 0.53922 5
1748710008223 0.5835 6
1748710027205 0.51896 7
1748710043594 0.48226 8
1748710064412 0.51158 9
1748710079316 0.54335 10
1748710093531 0.53083 11
1748710110681 0.65492 12
1748710125270 0.72971 13
1748710142038 0.66965 14
1748710158875 0.72745 15
1748710177194 0.74984 16
1748710193693 0.68934 17
1748710212489 0.73197 18
1748710229616 0.8325 19
1748710247834 0.78521 20
1748710266405 0.90005 21
1748710283246 0.70539 22
1748710298335 0.72094 23
1748710315132 0.7316 24
1748710330524 0.81421 25
1748710344957 0.81047 26
1748710360949 0.74711 27
1748710377609 0.67115 28
1748710392957 0.68692 29
1748710408648 0.64987 30
1748710425614 0.66989 31
1748710442762 0.70835 32
1748710460709 0.74393 33
1748710477331 0.73475 34
1748710492192 0.73128 35
1748710507264 0.73769 36
1748710522024 0.65597 37
1748710537262 0.66282 38
1748710553610 0.72029 39
1748710568435 0.6774 40
1748710583061 0.8344 41
1748710597753 0.74569 42
1748710613195 0.70419 43
1748710630858 0.77898 44
1748710646721 0.66907 45
1748710661696 0.79323 46
1748710676018 0.69748 47
1748710693818 0.66358 48
1748710711767 0.7005 49
1748710728287 0.75255 50
1748710743098 0.8422 51
1748710758892 0.86444 52
1748710776160 0.85347 53
1748710790220 0.87408 54
1748710804528 0.88132 55
1748710822499 0.8856 56
1748710841494 0.87655 57
1748710859354 0.81595 58
1748710876407 0.72941 59
1748710891869 0.74115 60
