1748709914488 0.44909 0
1748709930251 0.60417 1
1748709945308 0.68304 2
1748709963563 0.60417 3
1748709978910 0.75556 4
1748709994235 0.79167 5
1748710008223 0.8125 6
1748710027205 0.79109 7
1748710043594 0.76263 8
1748710064412 0.72917 9
1748710079316 0.83243 10
1748710093531 0.87216 11
1748710110681 0.87787 12
1748710125270 0.89583 13
1748710142038 0.875 14
1748710158875 0.91453 15
1748710177194 0.89583 16
1748710193693 0.8352 17
1748710212489 0.8125 18
1748710229616 0.92738 19
1748710247834 0.91667 20
1748710266405 0.9375 21
1748710283246 0.81081 22
1748710298335 0.84908 23
1748710315132 0.9375 24
1748710330524 0.79167 25
1748710344957 0.89583 26
1748710360949 0.91667 27
1748710377609 0.9375 28
1748710392957 0.91667 29
1748710408648 0.90789 30
1748710425614 0.89164 31
1748710442762 0.86662 32
1748710460709 0.85417 33
1748710477331 0.85417 34
1748710492192 0.8125 35
1748710507264 0.91667 36
1748710522024 0.88858 37
1748710537262 0.95791 38
1748710553610 0.83561 39
1748710568435 0.87768 40
1748710583061 0.9375 41
1748710597753 0.91667 42
1748710613195 0.89583 43
1748710630858 0.91667 44
1748710646721 0.89583 45
1748710661696 0.94383 46
1748710676018 0.93294 47
1748710693818 0.83333 48
1748710711767 0.86268 49
1748710728287 0.93592 50
1748710743098 0.90711 51
1748710758892 0.92286 52
1748710776160 0.88111 53
1748710790220 0.875 54
1748710804528 0.84432 55
1748710822499 0.80399 56
1748710841494 0.88377 57
1748710859354 0.87783 58
1748710876407 0.81689 59
1748710891869 0.8125 60
