1748709914488 0.14583 0
1748709930251 0.31036 1
1748709945308 0.375 2
1748709963563 0.45833 3
1748709978910 0.39583 4
1748709994235 0.45833 5
1748710008223 0.52083 6
1748710027205 0.47917 7
1748710043594 0.52083 8
1748710064412 0.52083 9
1748710079316 0.54167 10
1748710093531 0.5625 11
1748710110681 0.5 12
1748710125270 0.50632 13
1748710142038 0.54912 14
1748710158875 0.5625 15
1748710177194 0.58333 16
1748710193693 0.5 17
1748710212489 0.5 18
1748710229616 0.5 19
1748710247834 0.5 20
1748710266405 0.45833 21
1748710283246 0.5 22
1748710298335 0.47917 23
1748710315132 0.47917 24
1748710330524 0.45657 25
1748710344957 0.44562 26
1748710360949 0.47917 27
1748710377609 0.55287 28
1748710392957 0.54167 29
1748710408648 0.61878 30
1748710425614 0.63426 31
1748710442762 0.60724 32
1748710460709 0.58333 33
1748710477331 0.57721 34
1748710492192 0.62368 35
1748710507264 0.5625 36
1748710522024 0.58333 37
1748710537262 0.60417 38
1748710553610 0.52083 39
1748710568435 0.5625 40
1748710583061 0.52083 41
1748710597753 0.58333 42
1748710613195 0.58333 43
1748710630858 0.51414 44
1748710646721 0.54167 45
1748710661696 0.58333 46
1748710676018 0.60417 47
1748710693818 0.57542 48
1748710711767 0.58333 49
1748710728287 0.58333 50
1748710743098 0.55609 51
1748710758892 0.54167 52
1748710776160 0.52083 53
1748710790220 0.5625 54
1748710804528 0.61894 55
1748710822499 0.60417 56
1748710841494 0.60417 57
1748710859354 0.60417 58
1748710876407 0.64583 59
1748710891869 0.59664 60
