1748699890151 0.00026000000000000003 0
1748699905645 0.000529308 1
1748699914376 0.000787528 2
1748699924970 0.00103466 3
1748699933490 0.001270704 4
1748699941586 0.00149566 5
1748699951927 0.0017095279999999999 6
1748699959189 0.0017228 7
1748699967767 0.0016832000000000001 8
1748699976539 0.0016436000000000003 9
1748699985363 0.0016040000000000002 10
1748699992882 0.0015644 11
1748700002811 0.0015248 12
1748700010041 0.0014852 13
1748700017464 0.0014456 14
1748700025828 0.001406 15
1748700033623 0.0013663999999999998 16
1748700041955 0.0013267999999999997 17
1748700050701 0.0012872 18
1748700059833 0.0012476 19
1748700068434 0.001208 20
1748700077557 0.0011684000000000002 21
1748700085991 0.0011288000000000001 22
1748700095467 0.0010892000000000002 23
1748700103898 0.0010496000000000001 24
1748700112366 0.00101 25
1748700120715 0.0009704 26
1748700129420 0.0009308 27
1748700137469 0.0008911999999999999 28
1748700147668 0.0008516000000000001 29
1748700155139 0.0008120000000000001 30
1748700164812 0.0007724 31
1748700172845 0.0007328 32
1748700180844 0.0006931999999999999 33
1748700190653 0.0006536 34
1748700198261 0.0006140000000000001 35
1748700206691 0.0005744000000000001 36
1748700216142 0.0005348000000000001 37
1748700223195 0.0004952 38
1748700231731 0.00045559999999999996 39
1748700264893 0.0004159999999999999 40
1748700275499 0.00037640000000000015 41
1748700284225 0.0003368000000000001 42
1748700292286 0.0002972 43
1748700299839 0.00025760000000000003 44
1748700309280 0.00021799999999999996 45
1748700317449 0.00017839999999999992 46
1748700325158 0.0001388000000000001 47
1748700334660 9.920000000000008e-05 48
1748700342070 5.9600000000000046e-05 49
