1748707740051 0.00041090000000000007 36
1748707754250 0.00040842499999999997 37
1748707768902 0.00040595000000000003 38
1748707783965 0.000403475 39
1748707798249 0.00040100000000000004 40
1748707814131 0.00039852500000000005 41
1748707829394 0.00039605 42
1748707847688 0.000393575 43
1748707864373 0.0003911 44
1748707881603 0.00038862500000000003 45
1748707896638 0.00038615 46
1748707911180 0.000383675 47
1748707927520 0.0003812 48
1748707942517 0.000378725 49
1748707959032 0.00037624999999999996 50
1748707975341 0.000373775 51
1748707992369 0.0003713 52
