1748709165680 0.0724 0
1748709180773 0.09324 1
1748709195349 0.15618 2
1748709209495 0.19512 3
1748709224604 0.24451 4
1748709239708 0.26438 5
1748709255200 0.2164 6
1748709272491 0.28067 7
1748709287690 0.38966 8
1748709305960 0.44418 9
1748709321155 0.4073 10
1748709335902 0.38828 11
1748709351851 0.40222 12
1748709366840 0.50897 13
1748709382420 0.4898 14
1748709398631 0.53132 15
1748709414777 0.49425 16
1748709430387 0.55137 17
1748709447145 0.58593 18
1748709461503 0.64527 19
1748709476957 0.56416 20
1748709490917 0.58174 21
1748709507519 0.65158 22
1748709521653 0.63726 23
1748709536312 0.67633 24
1748709551299 0.70051 25
1748709565070 0.60573 26
1748709581087 0.64466 27
1748709595779 0.6472 28
1748709611632 0.62972 29
1748709627544 0.6749 30
1748709647117 0.67186 31
