1748709165680 0.0033 0
1748709180773 0.00366 1
1748709195349 0.00927 2
1748709209495 0.0157 3
1748709224604 0.02435 4
1748709239708 0.02587 5
1748709255200 0.03613 6
1748709272491 0.02932 7
1748709287690 0.05276 8
1748709305960 0.06665 9
1748709321155 0.04371 10
1748709335902 0.06748 11
1748709351851 0.06699 12
1748709366840 0.0956 13
1748709382420 0.05658 14
1748709398631 0.0757 15
1748709414777 0.11144 16
1748709430387 0.09119 17
1748709447145 0.08185 18
1748709461503 0.1091 19
1748709476957 0.11822 20
1748709490917 0.10774 21
1748709507519 0.11472 22
1748709521653 0.09525 23
1748709536312 0.11187 24
1748709551299 0.14325 25
1748709565070 0.13797 26
1748709581087 0.13015 27
1748709595779 0.15851 28
1748709611632 0.16418 29
1748709627544 0.13434 30
1748709647117 0.1367 31
