1748709165680 0.01256 0
1748709180773 0.01492 1
1748709195349 0.03091 2
1748709209495 0.06198 3
1748709224604 0.11409 4
1748709239708 0.08455 5
1748709255200 0.12713 6
1748709272491 0.08516 7
1748709287690 0.1714 8
1748709305960 0.21135 9
1748709321155 0.15955 10
1748709335902 0.19825 11
1748709351851 0.18281 12
1748709366840 0.25768 13
1748709382420 0.1737 14
1748709398631 0.2363 15
1748709414777 0.26372 16
1748709430387 0.25822 17
1748709447145 0.22769 18
1748709461503 0.33427 19
1748709476957 0.34579 20
1748709490917 0.31261 21
1748709507519 0.35852 22
1748709521653 0.30069 23
1748709536312 0.33925 24
1748709551299 0.40614 25
1748709565070 0.37988 26
1748709581087 0.36476 27
1748709595779 0.36499 28
1748709611632 0.37912 29
1748709627544 0.40933 30
1748709647117 0.43673 31
