1748709165680 0.01466 0
1748709180773 0.03924 1
1748709195349 0.09807 2
1748709209495 0.12825 3
1748709224604 0.11099 4
1748709239708 0.13704 5
1748709255200 0.12883 6
1748709272491 0.17088 7
1748709287690 0.22587 8
1748709305960 0.317 9
1748709321155 0.25587 10
1748709335902 0.25213 11
1748709351851 0.26038 12
1748709366840 0.35744 13
1748709382420 0.36826 14
1748709398631 0.40866 15
1748709414777 0.38565 16
1748709430387 0.40366 17
1748709447145 0.4245 18
1748709461503 0.51016 19
1748709476957 0.43781 20
1748709490917 0.44839 21
1748709507519 0.52541 22
1748709521653 0.48468 23
1748709536312 0.50137 24
1748709551299 0.52237 25
1748709565070 0.46853 26
1748709581087 0.55157 27
1748709595779 0.52192 28
1748709611632 0.51068 29
1748709627544 0.53929 30
1748709647117 0.50178 31
