1748709165680 0.00761 0
1748709180773 0.02922 1
1748709195349 0.05988 2
1748709209495 0.11981 3
1748709224604 0.22492 4
1748709239708 0.1164 5
1748709255200 0.15245 6
1748709272491 0.12531 7
1748709287690 0.32535 8
1748709305960 0.46025 9
1748709321155 0.30078 10
1748709335902 0.2083 11
1748709351851 0.25511 12
1748709366840 0.20192 13
1748709382420 0.24774 14
1748709398631 0.32519 15
1748709414777 0.28629 16
1748709430387 0.3304 17
1748709447145 0.34183 18
1748709461503 0.40709 19
1748709476957 0.37336 20
1748709490917 0.43025 21
1748709507519 0.4004 22
1748709521653 0.4029 23
1748709536312 0.55141 24
1748709551299 0.56683 25
1748709565070 0.4847 26
1748709581087 0.39299 27
1748709595779 0.34666 28
1748709611632 0.39618 29
1748709627544 0.53446 30
1748709647117 0.56179 31
