1748709165680 0.01201 0
1748709180773 0.16736 1
1748709195349 0.19004 2
1748709209495 0.30621 3
1748709224604 0.30522 4
1748709239708 0.47363 5
1748709255200 0.2444 6
1748709272491 0.29525 7
1748709287690 0.54924 8
1748709305960 0.46646 9
1748709321155 0.38866 10
1748709335902 0.3499 11
1748709351851 0.42499 12
1748709366840 0.6432 13
1748709382420 0.48513 14
1748709398631 0.52835 15
1748709414777 0.47397 16
1748709430387 0.54102 17
1748709447145 0.62008 18
1748709461503 0.62308 19
1748709476957 0.61748 20
1748709490917 0.59876 21
1748709507519 0.65025 22
1748709521653 0.65446 23
1748709536312 0.55826 24
1748709551299 0.64633 25
1748709565070 0.59299 26
1748709581087 0.60856 27
1748709595779 0.61897 28
1748709611632 0.68136 29
1748709627544 0.76066 30
1748709647117 0.67263 31
