1748709165680 0.39583 0
1748709180773 0.02083 1
1748709195349 0.1875 2
1748709209495 0.25 3
1748709224604 0.14583 4
1748709239708 0.27083 5
1748709255200 0.20833 6
1748709272491 0.27083 7
1748709287690 0.26135 8
1748709305960 0.1875 9
1748709321155 0.17941 10
1748709335902 0.33333 11
1748709351851 0.35417 12
1748709366840 0.35417 13
1748709382420 0.35417 14
1748709398631 0.39583 15
1748709414777 0.375 16
1748709430387 0.39069 17
1748709447145 0.27083 18
1748709461503 0.33333 19
1748709476957 0.4375 20
1748709490917 0.39583 21
1748709507519 0.4375 22
1748709521653 0.33333 23
1748709536312 0.29167 24
1748709551299 0.39583 25
1748709565070 0.39583 26
1748709581087 0.47917 27
1748709595779 0.375 28
1748709611632 0.45833 29
1748709627544 0.45452 30
1748709647117 0.47917 31
