1748709165680 0.625 0
1748709180773 0.10417 1
1748709195349 0.29167 2
1748709209495 0.27083 3
1748709224604 0.27083 4
1748709239708 0.22917 5
1748709255200 0.27083 6
1748709272491 0.3125 7
1748709287690 0.43165 8
1748709305960 0.52083 9
1748709321155 0.45041 10
1748709335902 0.58333 11
1748709351851 0.5 12
1748709366840 0.4375 13
1748709382420 0.54167 14
1748709398631 0.5 15
1748709414777 0.625 16
1748709430387 0.58333 17
1748709447145 0.60417 18
1748709461503 0.70833 19
1748709476957 0.53815 20
1748709490917 0.6875 21
1748709507519 0.625 22
1748709521653 0.592 23
1748709536312 0.70833 24
1748709551299 0.68536 25
1748709565070 0.66778 26
1748709581087 0.75 27
1748709595779 0.72917 28
1748709611632 0.66826 29
1748709627544 0.6875 30
1748709647117 0.625 31
