1748709163335 2.32328 0
1748709178791 2.01095 1
1748709193400 1.96616 2
1748709207764 1.81194 3
1748709221803 1.80277 4
1748709237516 1.70911 5
1748709252955 1.73475 6
1748709270504 1.65078 7
1748709285697 1.59096 8
1748709304250 1.58179 9
1748709319390 1.53742 10
1748709333864 1.46604 11
1748709349963 1.51377 12
1748709364531 1.44784 13
1748709380365 1.45256 14
1748709396914 1.51115 15
1748709412585 1.45379 16
1748709428348 1.37075 17
1748709444358 1.38769 18
1748709459409 1.36341 19
1748709475302 1.40302 20
1748709489021 1.34893 21
1748709505901 1.40195 22
1748709519649 1.29786 23
1748709534160 1.39369 24
1748709549107 1.35961 25
1748709563318 1.34634 26
1748709579032 1.35338 27
1748709594002 1.3307 28
1748709609067 1.30601 29
1748709625551 1.28724 30
1748709644083 1.26139 31
