1748709163335 2.83448 0
1748709178791 1.90235 1
1748709193400 1.64898 2
1748709207764 1.48265 3
1748709221803 1.46192 4
1748709237516 1.35135 5
1748709252955 1.36258 6
1748709270504 1.3254 7
1748709285697 1.25848 8
1748709304250 1.26691 9
1748709319390 1.22 10
1748709333864 1.16449 11
1748709349963 1.1873 12
1748709364531 1.13388 13
1748709380365 1.15627 14
1748709396914 1.16804 15
1748709412585 1.15255 16
1748709428348 1.08244 17
1748709444358 1.04191 18
1748709459409 1.03945 19
1748709475302 1.05653 20
1748709489021 1.04707 21
1748709505901 1.03092 22
1748709519649 0.99422 23
1748709534160 1.05302 24
1748709549107 0.99546 25
1748709563318 0.99906 26
1748709579032 1.00943 27
1748709594002 1.0057 28
1748709609067 0.96303 29
1748709625551 0.95091 30
1748709644083 0.95198 31
