1748709163335 3.03186 0
1748709178791 2.62667 1
1748709193400 2.58285 2
1748709207764 2.3733 3
1748709221803 2.39006 4
1748709237516 2.21669 5
1748709252955 2.25381 6
1748709270504 2.13345 7
1748709285697 2.12156 8
1748709304250 2.07724 9
1748709319390 2.03775 10
1748709333864 1.92954 11
1748709349963 1.95966 12
1748709364531 1.8677 13
1748709380365 1.89988 14
1748709396914 1.87631 15
1748709412585 1.85177 16
1748709428348 1.76313 17
1748709444358 1.7784 18
1748709459409 1.72135 19
1748709475302 1.75125 20
1748709489021 1.72798 21
1748709505901 1.74205 22
1748709519649 1.6296 23
1748709534160 1.72936 24
1748709549107 1.70384 25
1748709563318 1.6907 26
1748709579032 1.66479 27
1748709594002 1.66827 28
1748709609067 1.61935 29
1748709625551 1.61156 30
1748709644083 1.57385 31
