1748709163335 0.63908 0
1748709178791 0.49061 1
1748709193400 0.46485 2
1748709207764 0.39179 3
1748709221803 0.44724 4
1748709237516 0.4274 5
1748709252955 0.4496 6
1748709270504 0.39504 7
1748709285697 0.40613 8
1748709304250 0.44357 9
1748709319390 0.42539 10
1748709333864 0.39283 11
1748709349963 0.4187 12
1748709364531 0.39803 13
1748709380365 0.44252 14
1748709396914 0.41912 15
1748709412585 0.3789 16
1748709428348 0.37605 17
1748709444358 0.39372 18
1748709459409 0.41614 19
1748709475302 0.38508 20
1748709489021 0.37417 21
1748709505901 0.34251 22
1748709519649 0.35869 23
1748709534160 0.38413 24
1748709549107 0.3742 25
1748709563318 0.34856 26
1748709579032 0.40487 27
1748709594002 0.39626 28
1748709609067 0.36587 29
1748709625551 0.36803 30
1748709644083 0.3765 31
