1748709163335 4.58296 0
1748709178791 3.83224 1
1748709193400 3.73335 2
1748709207764 3.46564 3
1748709221803 3.5303 4
1748709237516 2.88815 5
1748709252955 2.92253 6
1748709270504 2.34858 7
1748709285697 2.40363 8
1748709304250 2.42644 9
1748709319390 2.05277 10
1748709333864 1.75385 11
1748709349963 1.86864 12
1748709364531 1.70352 13
1748709380365 1.83051 14
1748709396914 1.70636 15
1748709412585 1.67311 16
1748709428348 1.47384 17
1748709444358 1.19537 18
1748709459409 1.16118 19
1748709475302 1.28533 20
1748709489021 1.26579 21
1748709505901 1.33649 22
1748709519649 1.10145 23
1748709534160 1.27421 24
1748709549107 1.14052 25
1748709563318 1.21277 26
1748709579032 1.27237 27
1748709594002 1.30683 28
1748709609067 1.09446 29
1748709625551 1.10236 30
1748709644083 0.98256 31
