1748706883239 2.38722 0
1748706898324 1.91974 1
1748706913296 1.85739 2
1748706928286 1.67258 3
1748706943568 1.60848 4
1748706959035 1.58037 5
1748706974483 1.59276 6
1748706990569 1.50875 7
1748707005848 1.46594 8
1748707023106 1.49309 9
1748707038236 1.38968 10
1748707052136 1.37396 11
1748707068642 1.44849 12
1748707083964 1.38244 13
1748707101414 1.39098 14
1748707117290 1.38615 15
1748707132503 1.35618 16
1748707147265 1.31433 17
1748707161912 1.26214 18
1748707176701 1.25595 19
1748707191347 1.28453 20
1748707205851 1.26418 21
1748707224896 1.3132 22
1748707240619 1.21444 23
1748707255183 1.26234 24
1748707271151 1.22877 25
1748707284498 1.25642 26
1748707301114 1.24904 27
1748707319605 1.21521 28
1748707336430 1.2061 29
1748707351029 1.21066 30
1748707366663 1.21502 31
1748707382231 1.23245 32
1748707398566 1.24019 33
1748707414653 1.20355 34
1748707431677 1.21632 35
