1748706883239 2.97948 0
1748706898324 1.6906 1
1748706913296 1.47924 2
1748706928286 1.29653 3
1748706943568 1.2219 4
1748706959035 1.2031 5
1748706974483 1.18342 6
1748706990569 1.15579 7
1748707005848 1.16196 8
1748707023106 1.14241 9
1748707038236 1.0887 10
1748707052136 1.02171 11
1748707068642 1.04482 12
1748707083964 1.02062 13
1748707101414 1.00486 14
1748707117290 0.97672 15
1748707132503 0.98633 16
1748707147265 0.94105 17
1748707161912 0.90856 18
1748707176701 0.88889 19
1748707191347 0.88593 20
1748707205851 0.89167 21
1748707224896 0.88571 22
1748707240619 0.86979 23
1748707255183 0.93614 24
1748707271151 0.88183 25
1748707284498 0.86022 26
1748707301114 0.89378 27
1748707319605 0.88337 28
1748707336430 0.88063 29
1748707351029 0.82147 30
1748707366663 0.87565 31
1748707382231 0.80742 32
1748707398566 0.86617 33
1748707414653 0.82497 34
1748707431677 0.82293 35
