1748706883239 3.04844 0
1748706898324 2.44292 1
1748706913296 2.26343 2
1748706928286 2.05189 3
1748706943568 1.99655 4
1748706959035 1.86156 5
1748706974483 1.82113 6
1748706990569 1.78113 7
1748707005848 1.76888 8
1748707023106 1.76203 9
1748707038236 1.66631 10
1748707052136 1.61787 11
1748707068642 1.63791 12
1748707083964 1.61389 13
1748707101414 1.62847 14
1748707117290 1.57387 15
1748707132503 1.56981 16
1748707147265 1.53466 17
1748707161912 1.50892 18
1748707176701 1.46947 19
1748707191347 1.4773 20
1748707205851 1.45931 21
1748707224896 1.48724 22
1748707240619 1.40478 23
1748707255183 1.48469 24
1748707271151 1.44998 25
1748707284498 1.46106 26
1748707301114 1.43658 27
1748707319605 1.43433 28
1748707336430 1.41926 29
1748707351029 1.4045 30
1748707366663 1.42065 31
1748707382231 1.37325 32
1748707398566 1.41827 33
1748707414653 1.41428 34
1748707431677 1.45144 35
