1748706883239 0.52187 0
1748706898324 0.44326 1
1748706913296 0.4505 2
1748706928286 0.36253 3
1748706943568 0.43394 4
1748706959035 0.42266 5
1748706974483 0.44987 6
1748706990569 0.41295 7
1748707005848 0.40441 8
1748707023106 0.45888 9
1748707038236 0.43264 10
1748707052136 0.39579 11
1748707068642 0.40092 12
1748707083964 0.41131 13
1748707101414 0.45581 14
1748707117290 0.44241 15
1748707132503 0.38802 16
1748707147265 0.38304 17
1748707161912 0.39476 18
1748707176701 0.43133 19
1748707191347 0.39661 20
1748707205851 0.37718 21
1748707224896 0.35707 22
1748707240619 0.37422 23
1748707255183 0.41089 24
1748707271151 0.39116 25
1748707284498 0.37623 26
1748707301114 0.41587 27
1748707319605 0.41862 28
1748707336430 0.38259 29
1748707351029 0.37518 30
1748707366663 0.39222 31
1748707382231 0.36191 32
1748707398566 0.36076 33
1748707414653 0.37632 34
1748707431677 0.41681 35
