1748706883239 4.64098 0
1748706898324 3.63547 1
1748706913296 3.55088 2
1748706928286 3.25097 3
1748706943568 3.04955 4
1748706959035 2.48346 5
1748706974483 2.16404 6
1748706990569 1.63755 7
1748707005848 1.85178 8
1748707023106 1.75432 9
1748707038236 1.22107 10
1748707052136 1.17252 11
1748707068642 1.21575 12
1748707083964 1.07016 13
1748707101414 1.17865 14
1748707117290 1.02914 15
1748707132503 0.94576 16
1748707147265 0.92614 17
1748707161912 0.71692 18
1748707176701 0.75212 19
1748707191347 0.79341 20
1748707205851 0.70576 21
1748707224896 0.72847 22
1748707240619 0.79585 23
1748707255183 0.99262 24
1748707271151 0.74265 25
1748707284498 0.69645 26
1748707301114 0.80004 27
1748707319605 0.66657 28
1748707336430 0.69905 29
1748707351029 0.64533 30
1748707366663 0.63065 31
1748707382231 0.66124 32
1748707398566 0.72967 33
1748707414653 0.53677 34
1748707431677 0.67673 35
