1748712271682 1.36156 0
1748712287537 1.34726 1
1748712303241 1.321 2
1748712320664 1.23942 3
1748712339324 1.29811 4
1748712354349 1.25304 5
1748712369427 1.30267 6
1748712386245 1.28066 7
1748712401771 1.25962 8
1748712418996 1.23607 9
1748712434467 1.23364 10
1748712447795 1.19123 11
1748712464712 1.2598 12
1748712478729 1.17362 13
1748712496336 1.21103 14
1748712516407 1.24744 15
1748712536223 1.19504 16
1748712551199 1.18681 17
1748712566642 1.16536 18
1748712581803 1.14332 19
1748712599366 1.16098 20
1748712615958 1.13697 21
1748712635963 1.19569 22
1748712652245 1.11035 23
1748712669052 1.17974 24
1748712685790 1.16584 25
1748712702501 1.14739 26
1748712720370 1.18618 27
1748712737608 1.1365 28
1748712754945 1.14344 29
1748712771597 1.15991 30
1748712787956 1.14813 31
1748712805376 1.16721 32
1748712821858 1.20461 33
