1748712271682 1.05077 0
1748712287537 1.03811 1
1748712303241 0.9838 2
1748712320664 0.91595 3
1748712339324 0.96708 4
1748712354349 0.93406 5
1748712369427 0.96212 6
1748712386245 0.95529 7
1748712401771 0.91812 8
1748712418996 0.90073 9
1748712434467 0.91167 10
1748712447795 0.85519 11
1748712464712 0.88764 12
1748712478729 0.86894 13
1748712496336 0.88812 14
1748712516407 0.91898 15
1748712536223 0.86818 16
1748712551199 0.84725 17
1748712566642 0.83739 18
1748712581803 0.82488 19
1748712599366 0.8539 20
1748712615958 0.83925 21
1748712635963 0.83498 22
1748712652245 0.80319 23
1748712669052 0.87001 24
1748712685790 0.83613 25
1748712702501 0.8278 26
1748712720370 0.84412 27
1748712737608 0.84318 28
1748712754945 0.83533 29
1748712771597 0.82122 30
1748712787956 0.83841 31
1748712805376 0.83527 32
1748712821858 0.87269 33
