1748712271682 1.65654 0
1748712287537 1.67993 1
1748712303241 1.64292 2
1748712320664 1.55549 3
1748712339324 1.61813 4
1748712354349 1.55502 5
1748712369427 1.59188 6
1748712386245 1.58544 7
1748712401771 1.55623 8
1748712418996 1.53725 9
1748712434467 1.56084 10
1748712447795 1.49868 11
1748712464712 1.57371 12
1748712478729 1.49159 13
1748712496336 1.5328 14
1748712516407 1.53093 15
1748712536223 1.51118 16
1748712551199 1.47385 17
1748712566642 1.48747 18
1748712581803 1.42913 19
1748712599366 1.45786 20
1748712615958 1.44772 21
1748712635963 1.48584 22
1748712652245 1.41745 23
1748712669052 1.47465 24
1748712685790 1.46609 25
1748712702501 1.45972 26
1748712720370 1.4707 27
1748712737608 1.43478 28
1748712754945 1.45168 29
1748712771597 1.45905 30
1748712787956 1.43384 31
1748712805376 1.42831 32
1748712821858 1.48882 33
