1748712271682 0.33609 0
1748712287537 0.39874 1
1748712303241 0.38618 2
1748712320664 0.31233 3
1748712339324 0.37324 4
1748712354349 0.35863 5
1748712369427 0.38005 6
1748712386245 0.33655 7
1748712401771 0.34369 8
1748712418996 0.38318 9
1748712434467 0.3697 10
1748712447795 0.33547 11
1748712464712 0.34878 12
1748712478729 0.35545 13
1748712496336 0.3988 14
1748712516407 0.36963 15
1748712536223 0.33386 16
1748712551199 0.3355 17
1748712566642 0.35056 18
1748712581803 0.39171 19
1748712599366 0.34281 20
1748712615958 0.33787 21
1748712635963 0.31325 22
1748712652245 0.33574 23
1748712669052 0.36038 24
1748712685790 0.35473 25
1748712702501 0.32903 26
1748712720370 0.38327 27
1748712737608 0.3806 28
1748712754945 0.35474 29
1748712771597 0.36179 30
1748712787956 0.36833 31
1748712805376 0.338 32
1748712821858 0.33153 33
