1748712271682 1.30051 0
1748712287537 1.14858 1
1748712303241 1.1973 2
1748712320664 0.96863 3
1748712339324 1.0508 4
1748712354349 0.92732 5
1748712369427 1.03988 6
1748712386245 0.85193 7
1748712401771 0.98111 8
1748712418996 1.079 9
1748712434467 0.79913 10
1748712447795 0.71524 11
1748712464712 0.76832 12
1748712478729 0.79137 13
1748712496336 0.90097 14
1748712516407 0.85025 15
1748712536223 0.81847 16
1748712551199 0.80078 17
1748712566642 0.70701 18
1748712581803 0.62193 19
1748712599366 0.709 20
1748712615958 0.68994 21
1748712635963 0.71925 22
1748712652245 0.5778 23
1748712669052 0.7114 24
1748712685790 0.58439 25
1748712702501 0.72953 26
1748712720370 0.70802 27
1748712737608 0.71446 28
1748712754945 0.75886 29
1748712771597 0.67929 30
1748712787956 0.70514 31
1748712805376 0.70911 32
1748712821858 0.83114 33
