1748712271682 2.6e-06 0
1748712287537 5.273765e-06 1
1748712303241 7.9208e-06 2
1748712320664 9.8515e-06 3
1748712339324 9.802e-06 4
1748712354349 9.7525e-06 5
1748712369427 9.703e-06 6
1748712386245 9.6535e-06 7
1748712401771 9.604e-06 8
1748712418996 9.5545e-06 9
1748712434467 9.505000000000001e-06 10
1748712447795 9.455500000000001e-06 11
1748712464712 9.406000000000001e-06 12
1748712478729 9.356500000000001e-06 13
1748712496336 9.307e-06 14
1748712516407 9.2575e-06 15
1748712536223 9.208e-06 16
1748712551199 9.1585e-06 17
1748712566642 9.109e-06 18
1748712581803 9.0595e-06 19
1748712599366 9.01e-06 20
1748712615958 8.960500000000002e-06 21
1748712635963 8.911000000000002e-06 22
1748712652245 8.861500000000001e-06 23
1748712669052 8.812000000000001e-06 24
1748712685790 8.762500000000001e-06 25
1748712702501 8.713000000000001e-06 26
1748712720370 8.663500000000001e-06 27
1748712737608 8.614000000000001e-06 28
1748712754945 8.5645e-06 29
1748712771597 8.515e-06 30
1748712787956 8.4655e-06 31
1748712805376 8.416e-06 32
1748712821858 8.3665e-06 33
