1748706885835 6e-05 0
1748706900896 0.00016 1
1748706915443 0.0281 2
1748706931238 0.03587 3
1748706945701 0.05947 4
1748706961289 0.07513 5
1748706976738 0.08519 6
1748706992579 0.06462 7
1748707007916 0.04799 8
1748707024979 0.05199 9
1748707040409 0.11023 10
1748707054516 0.12972 11
1748707070936 0.1215 12
1748707086485 0.09985 13
1748707104289 0.15586 14
1748707119575 0.15773 15
1748707134760 0.12854 16
1748707149254 0.12874 17
1748707164095 0.15581 18
1748707178768 0.18824 19
1748707193405 0.20596 20
1748707208444 0.19306 21
1748707227041 0.24878 22
1748707242805 0.24049 23
1748707257514 0.16165 24
1748707273086 0.23656 25
1748707287717 0.27222 26
1748707303433 0.21989 27
1748707322015 0.21423 28
1748707338589 0.22686 29
1748707353179 0.2458 30
1748707369311 0.2432 31
1748707384584 0.21539 32
1748707400668 0.20993 33
1748707417032 0.26057 34
1748707434279 0.27755 35
