1748706885835 0.02191 0
1748706900896 0.00074 1
1748706915443 0.10128 2
1748706931238 0.2159 3
1748706945701 0.2741 4
1748706961289 0.28241 5
1748706976738 0.24242 6
1748706992579 0.30008 7
1748707007916 0.27879 8
1748707024979 0.34891 9
1748707040409 0.49173 10
1748707054516 0.51818 11
1748707070936 0.52069 12
1748707086485 0.50576 13
1748707104289 0.64055 14
1748707119575 0.52129 15
1748707134760 0.5343 16
1748707149254 0.61056 17
1748707164095 0.63362 18
1748707178768 0.70219 19
1748707193405 0.71878 20
1748707208444 0.7422 21
1748707227041 0.73972 22
1748707242805 0.67833 23
1748707257514 0.62986 24
1748707273086 0.74999 25
1748707287717 0.75416 26
1748707303433 0.71876 27
1748707322015 0.71389 28
1748707338589 0.76854 29
1748707353179 0.81191 30
1748707369311 0.8174 31
1748707384584 0.79749 32
1748707400668 0.79563 33
1748707417032 0.82587 34
1748707434279 0.85369 35
