1748706885835 0.00024 0
1748706900896 0.0006 1
1748706915443 0.08049 2
1748706931238 0.10413 3
1748706945701 0.13149 4
1748706961289 0.22067 5
1748706976738 0.20326 6
1748706992579 0.21101 7
1748707007916 0.17543 8
1748707024979 0.17151 9
1748707040409 0.35192 10
1748707054516 0.32628 11
1748707070936 0.347 12
1748707086485 0.29193 13
1748707104289 0.40416 14
1748707119575 0.36827 15
1748707134760 0.34918 16
1748707149254 0.34973 17
1748707164095 0.41403 18
1748707178768 0.52785 19
1748707193405 0.58476 20
1748707208444 0.50257 21
1748707227041 0.56671 22
1748707242805 0.54921 23
1748707257514 0.4651 24
1748707273086 0.58027 25
1748707287717 0.60874 26
1748707303433 0.52559 27
1748707322015 0.50908 28
1748707338589 0.55761 29
1748707353179 0.66646 30
1748707369311 0.65102 31
1748707384584 0.59251 32
1748707400668 0.56124 33
1748707417032 0.64408 34
1748707434279 0.61403 35
