1748706885835 0.03037 0
1748706900896 0.00163 1
1748706915443 0.16986 2
1748706931238 0.33203 3
1748706945701 0.43211 4
1748706961289 0.45967 5
1748706976738 0.37771 6
1748706992579 0.51714 7
1748707007916 0.46553 8
1748707024979 0.45987 9
1748707040409 0.62469 10
1748707054516 0.62964 11
1748707070936 0.69303 12
1748707086485 0.71833 13
1748707104289 0.78487 14
1748707119575 0.65149 15
1748707134760 0.66873 16
1748707149254 0.72523 17
1748707164095 0.74377 18
1748707178768 0.7716 19
1748707193405 0.84259 20
1748707208444 0.85304 21
1748707227041 0.85463 22
1748707242805 0.81241 23
1748707257514 0.80848 24
1748707273086 0.84598 25
1748707287717 0.82302 26
1748707303433 0.78426 27
1748707322015 0.78573 28
1748707338589 0.82128 29
1748707353179 0.88236 30
1748707369311 0.88599 31
1748707384584 0.8597 32
1748707400668 0.86572 33
1748707417032 0.89145 34
1748707434279 0.94364 35
