1748706885835 0.00738 0
1748706900896 0.00181 1
1748706915443 0.25866 2
1748706931238 0.42073 3
1748706945701 0.72725 4
1748706961289 0.49724 5
1748706976738 0.35197 6
1748706992579 0.49512 7
1748707007916 0.43339 8
1748707024979 0.6264 9
1748707040409 0.57342 10
1748707054516 0.481 11
1748707070936 0.60363 12
1748707086485 0.6392 13
1748707104289 0.64342 14
1748707119575 0.52398 15
1748707134760 0.56639 16
1748707149254 0.64692 17
1748707164095 0.63139 18
1748707178768 0.61361 19
1748707193405 0.68319 20
1748707208444 0.76235 21
1748707227041 0.76149 22
1748707242805 0.68668 23
1748707257514 0.64531 24
1748707273086 0.74138 25
1748707287717 0.76978 26
1748707303433 0.73168 27
1748707322015 0.75794 28
1748707338589 0.71455 29
1748707353179 0.77852 30
1748707369311 0.80564 31
1748707384584 0.77898 32
1748707400668 0.73938 33
1748707417032 0.77874 34
1748707434279 0.85873 35
