1748706885835 0.00042 0
1748706900896 0.00087 1
1748706915443 0.13077 2
1748706931238 0.11856 3
1748706945701 0.25866 4
1748706961289 0.3138 5
1748706976738 0.21075 6
1748706992579 0.21958 7
1748707007916 0.22525 8
1748707024979 0.37915 9
1748707040409 0.36645 10
1748707054516 0.32859 11
1748707070936 0.50391 12
1748707086485 0.37393 13
1748707104289 0.63637 14
1748707119575 0.43888 15
1748707134760 0.28142 16
1748707149254 0.26776 17
1748707164095 0.56062 18
1748707178768 0.53607 19
1748707193405 0.70183 20
1748707208444 0.55933 21
1748707227041 0.60962 22
1748707242805 0.71871 23
1748707257514 0.4857 24
1748707273086 0.69994 25
1748707287717 0.7377 26
1748707303433 0.58556 27
1748707322015 0.58868 28
1748707338589 0.68946 29
1748707353179 0.66682 30
1748707369311 0.68194 31
1748707384584 0.76979 32
1748707400668 0.63365 33
1748707417032 0.80653 34
1748707434279 0.71309 35
