1748706885835 0.125 0
1748706900896 0.1875 1
1748706915443 0.1875 2
1748706931238 0.20833 3
1748706945701 0.11654 4
1748706961289 0.27083 5
1748706976738 0.375 6
1748706992579 0.35417 7
1748707007916 0.39583 8
1748707024979 0.20833 9
1748707040409 0.35417 10
1748707054516 0.4375 11
1748707070936 0.4375 12
1748707086485 0.47917 13
1748707104289 0.33333 14
1748707119575 0.27083 15
1748707134760 0.44062 16
1748707149254 0.48762 17
1748707164095 0.52083 18
1748707178768 0.48151 19
1748707193405 0.53948 20
1748707208444 0.52897 21
1748707227041 0.52083 22
1748707242805 0.41667 23
1748707257514 0.57065 24
1748707273086 0.5625 25
1748707287717 0.52746 26
1748707303433 0.5625 27
1748707322015 0.5 28
1748707338589 0.5 29
1748707353179 0.58333 30
1748707369311 0.5625 31
1748707384584 0.4878 32
1748707400668 0.47917 33
1748707417032 0.54167 34
1748707434279 0.5625 35
