1748706885835 0.0625 0
1748706900896 0.375 1
1748706915443 0.29167 2
1748706931238 0.375 3
1748706945701 0.35417 4
1748706961289 0.47917 5
1748706976738 0.54167 6
1748706992579 0.5625 7
1748707007916 0.47917 8
1748707024979 0.41667 9
1748707040409 0.58817 10
1748707054516 0.85417 11
1748707070936 0.69809 12
1748707086485 0.812 13
1748707104289 0.77083 14
1748707119575 0.58333 15
1748707134760 0.6532 16
1748707149254 0.7635 17
1748707164095 0.77083 18
1748707178768 0.8125 19
1748707193405 0.80875 20
1748707208444 0.875 21
1748707227041 0.8125 22
1748707242805 0.8676 23
1748707257514 0.75815 24
1748707273086 0.77083 25
1748707287717 0.76633 26
1748707303433 0.77083 27
1748707322015 0.77083 28
1748707338589 0.73012 29
1748707353179 0.80565 30
1748707369311 0.77732 31
1748707384584 0.80778 32
1748707400668 0.79167 33
1748707417032 0.89583 34
1748707434279 0.89583 35
