1748709911151 1.35143 0
1748709927817 1.3504 1
1748709942627 1.31137 2
1748709961063 1.23751 3
1748709976116 1.28082 4
1748709991994 1.23554 5
1748710005852 1.23252 6
1748710025041 1.23343 7
1748710040852 1.19482 8
1748710062271 1.15418 9
1748710077320 1.1552 10
1748710090775 1.11713 11
1748710108632 1.17365 12
1748710123068 1.09446 13
1748710139749 1.14585 14
1748710156093 1.18012 15
1748710173915 1.1451 16
1748710191358 1.11311 17
1748710209613 1.09705 18
1748710227003 1.05414 19
1748710245102 1.07165 20
1748710263828 1.06744 21
1748710281496 1.10718 22
1748710295935 1.04026 23
1748710312091 1.09272 24
1748710328044 1.06934 25
1748710342602 1.07921 26
1748710358729 1.11537 27
1748710375271 1.06029 28
1748710390315 1.05473 29
1748710405851 1.03842 30
1748710423043 1.04113 31
1748710439705 1.01948 32
1748710457922 1.10359 33
1748710475024 1.03193 34
1748710489944 1.08725 35
1748710505455 1.09397 36
1748710519653 1.03537 37
1748710535063 1.01839 38
1748710551285 1.03557 39
1748710566203 1.04261 40
1748710580878 1.00728 41
1748710595498 1.02798 42
1748710610731 1.02196 43
1748710628731 1.0547 44
1748710644245 1.02547 45
1748710659296 0.99479 46
1748710673853 1.02239 47
1748710690885 1.00041 48
1748710709915 0.95629 49
1748710726314 1.03603 50
1748710740844 0.99588 51
1748710756509 0.96967 52
1748710772968 1.00812 53
1748710787945 0.93727 54
1748710802434 0.97935 55
1748710820186 1.02271 56
1748710838112 1.00053 57
1748710856661 0.94826 58
1748710874161 0.95423 59
1748710889773 1.04777 60
