1748709911151 1.05565 0
1748709927817 1.02874 1
1748709942627 0.97989 2
1748709961063 0.93206 3
1748709976116 0.94658 4
1748709991994 0.88769 5
1748710005852 0.87488 6
1748710025041 0.87996 7
1748710040852 0.85517 8
1748710062271 0.83156 9
1748710077320 0.84506 10
1748710090775 0.76156 11
1748710108632 0.80542 12
1748710123068 0.76635 13
1748710139749 0.79711 14
1748710156093 0.80194 15
1748710173915 0.79256 16
1748710191358 0.75118 17
1748710209613 0.74332 18
1748710227003 0.72246 19
1748710245102 0.75194 20
1748710263828 0.72797 21
1748710281496 0.73671 22
1748710295935 0.71913 23
1748710312091 0.75787 24
1748710328044 0.72887 25
1748710342602 0.72377 26
1748710358729 0.73578 27
1748710375271 0.74673 28
1748710390315 0.72094 29
1748710405851 0.70458 30
1748710423043 0.72565 31
1748710439705 0.6995 32
1748710457922 0.72907 33
1748710475024 0.72435 34
1748710489944 0.73398 35
1748710505455 0.74258 36
1748710519653 0.71688 37
1748710535063 0.7301 38
1748710551285 0.68694 39
1748710566203 0.69633 40
1748710580878 0.69171 41
1748710595498 0.6949 42
1748710610731 0.71218 43
1748710628731 0.66879 44
1748710644245 0.69488 45
1748710659296 0.65657 46
1748710673853 0.6767 47
1748710690885 0.67823 48
1748710709915 0.65477 49
1748710726314 0.66852 50
1748710740844 0.67438 51
1748710756509 0.64318 52
1748710772968 0.67063 53
1748710787945 0.64 54
1748710802434 0.64429 55
1748710820186 0.66846 56
1748710838112 0.67326 57
1748710856661 0.62345 58
1748710874161 0.64669 59
1748710889773 0.69053 60
