1748709911151 1.65427 0
1748709927817 1.66971 1
1748709942627 1.63157 2
1748709961063 1.54193 3
1748709976116 1.58407 4
1748709991994 1.50629 5
1748710005852 1.49398 6
1748710025041 1.48074 7
1748710040852 1.47725 8
1748710062271 1.43581 9
1748710077320 1.47436 10
1748710090775 1.40727 11
1748710108632 1.45946 12
1748710123068 1.39612 13
1748710139749 1.42633 14
1748710156093 1.41177 15
1748710173915 1.39509 16
1748710191358 1.36145 17
1748710209613 1.38196 18
1748710227003 1.33049 19
1748710245102 1.3381 20
1748710263828 1.37898 21
1748710281496 1.38303 22
1748710295935 1.31169 23
1748710312091 1.36936 24
1748710328044 1.35779 25
1748710342602 1.36924 26
1748710358729 1.37579 27
1748710375271 1.34297 28
1748710390315 1.3154 29
1748710405851 1.31489 30
1748710423043 1.30071 31
1748710439705 1.27306 32
1748710457922 1.34151 33
1748710475024 1.31541 34
1748710489944 1.37261 35
1748710505455 1.33999 36
1748710519653 1.32151 37
1748710535063 1.29996 38
1748710551285 1.31055 39
1748710566203 1.31231 40
1748710580878 1.30559 41
1748710595498 1.25897 42
1748710610731 1.3081 43
1748710628731 1.29501 44
1748710644245 1.29653 45
1748710659296 1.25734 46
1748710673853 1.28005 47
1748710690885 1.27064 48
1748710709915 1.22999 49
1748710726314 1.28213 50
1748710740844 1.26997 51
1748710756509 1.24757 52
1748710772968 1.27731 53
1748710787945 1.21864 54
1748710802434 1.23002 55
1748710820186 1.26606 56
1748710838112 1.26249 57
1748710856661 1.2141 58
1748710874161 1.22647 59
1748710889773 1.28453 60
