1748709911151 0.33672 0
1748709927817 0.39955 1
1748709942627 0.3855 2
1748709961063 0.3091 3
1748709976116 0.36729 4
1748709991994 0.35039 5
1748710005852 0.37835 6
1748710025041 0.33603 7
1748710040852 0.33868 8
1748710062271 0.37691 9
1748710077320 0.36038 10
1748710090775 0.32755 11
1748710108632 0.34186 12
1748710123068 0.34372 13
1748710139749 0.38059 14
1748710156093 0.35063 15
1748710173915 0.31397 16
1748710191358 0.3115 17
1748710209613 0.33028 18
1748710227003 0.36431 19
1748710245102 0.31828 20
1748710263828 0.30887 21
1748710281496 0.28403 22
1748710295935 0.3091 23
1748710312091 0.32193 24
1748710328044 0.31616 25
1748710342602 0.29811 26
1748710358729 0.33899 27
1748710375271 0.33253 28
1748710390315 0.30714 29
1748710405851 0.31876 30
1748710423043 0.31739 31
1748710439705 0.292 32
1748710457922 0.29163 33
1748710475024 0.31067 34
1748710489944 0.33631 35
1748710505455 0.30561 36
1748710519653 0.30964 37
1748710535063 0.29637 38
1748710551285 0.2949 39
1748710566203 0.30927 40
1748710580878 0.29777 41
1748710595498 0.27665 42
1748710610731 0.29947 43
1748710628731 0.31604 44
1748710644245 0.28262 45
1748710659296 0.29757 46
1748710673853 0.32214 47
1748710690885 0.28016 48
1748710709915 0.25907 49
1748710726314 0.24129 50
1748710740844 0.2713 51
1748710756509 0.28739 52
1748710772968 0.29152 53
1748710787945 0.27689 54
1748710802434 0.27757 55
1748710820186 0.25526 56
1748710838112 0.30118 57
1748710856661 0.23308 58
1748710874161 0.24392 59
1748710889773 0.26462 60
