1748709911151 1.35293 0
1748709927817 1.10255 1
1748709942627 1.2193 2
1748709961063 0.8807 3
1748709976116 0.87665 4
1748709991994 0.83517 5
1748710005852 0.91453 6
1748710025041 0.65178 7
1748710040852 0.83054 8
1748710062271 0.83784 9
1748710077320 0.63632 10
1748710090775 0.59935 11
1748710108632 0.60767 12
1748710123068 0.63821 13
1748710139749 0.69182 14
1748710156093 0.66304 15
1748710173915 0.67229 16
1748710191358 0.5903 17
1748710209613 0.51302 18
1748710227003 0.49902 19
1748710245102 0.50578 20
1748710263828 0.53492 21
1748710281496 0.52407 22
1748710295935 0.37794 23
1748710312091 0.57059 24
1748710328044 0.45323 25
1748710342602 0.4831 26
1748710358729 0.51498 27
1748710375271 0.50909 28
1748710390315 0.55856 29
1748710405851 0.49526 30
1748710423043 0.48293 31
1748710439705 0.45101 32
1748710457922 0.4958 33
1748710475024 0.36656 34
1748710489944 0.53181 35
1748710505455 0.50272 36
1748710519653 0.4395 37
1748710535063 0.40765 38
1748710551285 0.49443 39
1748710566203 0.42317 40
1748710580878 0.42759 41
1748710595498 0.39698 42
1748710610731 0.53238 43
1748710628731 0.46456 44
1748710644245 0.39686 45
1748710659296 0.35628 46
1748710673853 0.39058 47
1748710690885 0.33204 48
1748710709915 0.35019 49
1748710726314 0.41638 50
1748710740844 0.35758 51
1748710756509 0.36512 52
1748710772968 0.47941 53
1748710787945 0.36862 54
1748710802434 0.37518 55
1748710820186 0.48555 56
1748710838112 0.36602 57
1748710856661 0.32127 58
1748710874161 0.38703 59
1748710889773 0.38543 60
