1748709911151 0.07402600000000001 0
1748709927817 0.04705273765 1
1748709942627 0.020079208 2
1748709961063 9.8515e-05 3
1748709976116 9.802e-05 4
1748709991994 9.7525e-05 5
1748710005852 9.703e-05 6
1748710025041 9.6535e-05 7
1748710040852 9.604e-05 8
1748710062271 9.5545e-05 9
1748710077320 9.505e-05 10
1748710090775 9.4555e-05 11
1748710108632 9.406e-05 12
1748710123068 9.356500000000002e-05 13
1748710139749 9.307e-05 14
1748710156093 9.257500000000001e-05 15
1748710173915 9.208000000000001e-05 16
1748710191358 9.158500000000001e-05 17
1748710209613 9.109000000000001e-05 18
1748710227003 9.059500000000001e-05 19
1748710245102 9.010000000000001e-05 20
1748710263828 8.960500000000001e-05 21
1748710281496 8.911e-05 22
1748710295935 8.8615e-05 23
1748710312091 8.812e-05 24
1748710328044 8.7625e-05 25
1748710342602 8.713e-05 26
1748710358729 8.6635e-05 27
1748710375271 8.614e-05 28
1748710390315 8.5645e-05 29
1748710405851 8.515000000000001e-05 30
1748710423043 8.465500000000001e-05 31
1748710439705 8.416000000000001e-05 32
1748710457922 8.3665e-05 33
1748710475024 8.317e-05 34
1748710489944 8.2675e-05 35
1748710505455 8.218000000000002e-05 36
1748710519653 8.1685e-05 37
1748710535063 8.119000000000001e-05 38
1748710551285 8.0695e-05 39
1748710566203 8.020000000000001e-05 40
1748710580878 7.970500000000001e-05 41
1748710595498 7.921000000000001e-05 42
1748710610731 7.871500000000001e-05 43
1748710628731 7.822e-05 44
1748710644245 7.7725e-05 45
1748710659296 7.723e-05 46
1748710673853 7.6735e-05 47
1748710690885 7.624e-05 48
1748710709915 7.5745e-05 49
1748710726314 7.525e-05 50
1748710740844 7.475500000000001e-05 51
1748710756509 7.426000000000001e-05 52
1748710772968 7.376500000000001e-05 53
1748710787945 7.327000000000001e-05 54
1748710802434 7.277500000000001e-05 55
1748710820186 7.228e-05 56
1748710838112 7.178500000000002e-05 57
1748710856661 7.129e-05 58
1748710874161 7.079500000000002e-05 59
1748710889773 7.03e-05 60
